1548716433
1548716443
1548716611
1548716862
1548716883
1548717086
1548717350
1548717506
1548717859
1548717988
1548718303
1548718424
1548718715
1548718743
1548718994
1548719038
1548719113
1548719114
1548719752
1548719979
1548720175
1548720346
1548720425
1548720721
1548720922
1548721334
1548721645
1548721687
1548722008
1548722445
1548722552
1548722862
1548723019
1548724132
1548724484
1548724688
1548724967
1548725238
1548725339
1548725415
1548726000
1548726096
1548726805
1548726918
1548727132
1548727537